name: 5zone
channels:
  - conda-forge
  - defaults
dependencies:
  - _libgcc_mutex=0.1=main
  - assimulo=3.2.3=py36h3afdac0_0
  - astroid=2.4.2=py36_0
  - blas=1.0=mkl
  - bzip2=1.0.8=h516909a_3
  - ca-certificates=2020.6.20=hecda079_0
  - certifi=2020.6.20=py36h9880bd3_2
  - cloudpickle=1.3.0=py_0
  - ffmpeg=4.3.1=h3215721_1
  - fmilib=2.2=he1b5a44_0
  - freetype=2.10.3=he06d7ca_0
  - future=0.18.2=py36h9f0ad1d_2
  - gmp=6.2.0=he1b5a44_3
  - gnutls=3.6.13=h79a8f9a_0
  - gym=0.17.3=py36h9f0ad1d_0
  - icu=67.1=he1b5a44_0
  - intel-openmp=2020.2=254
  - isort=5.6.4=py_0
  - lame=3.100=h14c3975_1001
  - lazy-object-proxy=1.4.3=py36h7b6447c_0
  - ld_impl_linux-64=2.33.1=h53a641e_7
  - libblas=3.8.0=16_mkl
  - libcblas=3.8.0=16_mkl
  - libedit=3.1.20191231=h14c3975_1
  - libffi=3.3=he6710b0_2
  - libgcc-ng=9.1.0=hdf63c60_0
  - libgfortran-ng=7.5.0=hae1eefd_17
  - libgfortran4=7.5.0=hae1eefd_17
  - libiconv=1.16=h516909a_0
  - liblapack=3.8.0=16_mkl
  - libpng=1.6.37=hed695b0_2
  - libstdcxx-ng=9.1.0=hdf63c60_0
  - libxml2=2.9.10=h68273f3_2
  - libxslt=1.1.33=h572872d_1
  - lxml=4.5.2=py36h17c4326_1
  - mccabe=0.6.1=py36_1
  - metis=5.1.0=he1b5a44_1006
  - mkl=2020.2=256
  - mkl-service=2.3.0=py36he904b0f_0
  - mkl_fft=1.2.0=py36h23d657b_0
  - mkl_random=1.1.1=py36h0573a6f_0
  - ncurses=6.2=he6710b0_1
  - nettle=3.4.1=h1bed415_1002
  - numpy=1.19.1=py36hbc911f0_0
  - numpy-base=1.19.1=py36hfa32c7d_0
  - openh264=2.1.1=h8b12597_0
  - openssl=1.1.1h=h516909a_0
  - pandas=1.1.3=py36he6710b0_0
  - pip=20.2.3=py36_0
  - pyfmi=2.8.1=py36h68bb277_0
  - pyglet=1.5.0=py36h9f0ad1d_1
  - pylint=2.6.0=py36_0
  - python=3.6.12=hcff3b4d_2
  - python-dateutil=2.8.1=py_0
  - python_abi=3.6=1_cp36m
  - pytz=2020.1=py_0
  - readline=8.0=h7b6447c_0
  - scipy=1.5.2=py36h3a855aa_2
  - setuptools=50.3.0=py36hb0f4dca_1
  - six=1.15.0=py_0
  - sqlite=3.33.0=h62c20be_0
  - suitesparse=5.7.2=h717dc36_0
  - sundials=5.4.0=h0186668_0
  - tbb=2020.2=hc9558a2_0
  - tk=8.6.10=hbc83047_0
  - toml=0.10.1=py_0
  - typed-ast=1.4.1=py36h7b6447c_0
  - wheel=0.35.1=py_0
  - wrapt=1.11.2=py36h7b6447c_0
  - x264=1!152.20180806=h14c3975_0
  - xz=5.2.5=h7b6447c_0
  - zlib=1.2.11=h7b6447c_3
  - pip:
    - notify-run==0.0.13
    - pyqrcode==1.2.1
    - requests==2.22.0
    - urllib3==1.25.11
